401187078000
161914773054
311569679008
252411961487
171311649215
381783707664
400934075740
172102938200
272300334575
172296451924
191918070208
391610568551
291841313050
261923487655
172428809905
182111632934
151790843722
391632966527
401087190424
331813562906
401094290366
291818166438
371577002511
122072321097
182305375294
262419457190
201702406805
222214159715
131846520514
311477306929
371701816383
351701401535
192002941112
371625424410
222252563983
191919617191
282092476747
132033842328
401089917079
222183217866
371791256251
122257999675
391506551205
201674326599
222264067029
351747660431
371684039884
201718760701
142046880782
262695857244
